2682.43997908
2682.52944143
2682.80016487
2682.60161695
2682.54011809
2682.52623971
2682.48320754
2682.46440861
2682.40798763
2682.34318393
2682.32171793
2682.28659677
2682.28475517
2682.23479673
2681.76743231
2681.73327733
2681.70950722
2681.70567632
2681.67604619
2681.63389546
2681.62690376
2681.62103868
2681.61738949
2681.58995041
2681.58764449
2681.57840485
2681.55882537
2681.32182689
2681.32120306
2681.31877189
2681.31789799
2681.30847112
2681.29326047
2681.28528160
2681.25809089
2681.25488507
2681.24418426
2681.24359192
2681.24920913
2681.25073431
2681.25650176
2681.23970969
2681.24039276
2681.24039300
2681.24036014
2681.20365065
2681.19768536
2681.19971864
2681.20245631
2681.17884688
2681.19845035
2681.23087603
2681.21629109
2681.24347430
2681.24324621
2681.24470319
2681.23379206
2681.25010897
2681.25015449
2681.23569741
2681.24769472
2681.24133682
2681.24499528
2681.19929063
2681.20481744
2681.20726332
2681.22372460
2681.22424907
2681.22555957
2681.24746227
2681.24994232
2681.17146000
2681.17910872
2681.17983569
2681.18141049
2681.18002900
2681.18047419
2681.18389501
2681.17673572
2681.15687680
2681.16051577
2681.13323400
2681.16265117
2681.16297406
2681.15586585
2681.15645225
2681.18297039



